0 1.5708
0.16 1.7308
0.475913 2.04671
0.902573 2.47337
1.29911 2.86991
1.5138 3.08459

0 1.5708
0.16 1.7308
0.475913 2.04671
0.902573 2.47337
1.29911 2.86991
4.48364 6.05444

0 1.5708
0.16 1.7308
0.475913 2.04671
0.902573 2.47337
4.26896 5.83976
3.92573 5.49653

0 1.5708
0.16 1.7308
0.475913 2.04671
0.902573 2.47337
4.26896 5.83976
6.89558 8.46637

0 1.5708
0.16 1.7308
0.475913 2.04671
3.87242 5.44322
3.39586 4.96666
2.62159 4.19238

0 1.5708
0.16 1.7308
0.475913 2.04671
3.87242 5.44322
3.39586 4.96666
5.59143 7.16223

0 1.5708
0.16 1.7308
0.475913 2.04671
3.87242 5.44322
6.36571 7.93651
7.16299 8.73379

0 1.5708
0.16 1.7308
0.475913 2.04671
3.87242 5.44322
6.36571 7.93651
10.1328 11.7036

0 1.5708
0.16 1.7308
3.44576 5.01656
2.9878 4.55859
2.35535 3.92615
1.79014 3.36094

0 1.5708
0.16 1.7308
3.44576 5.01656
2.9878 4.55859
2.35535 3.92615
4.75999 6.33079

0 1.5708
0.16 1.7308
3.44576 5.01656
2.9878 4.55859
5.3252 6.89599
5.78533 7.35613

0 1.5708
0.16 1.7308
3.44576 5.01656
2.9878 4.55859
5.3252 6.89599
8.75518 10.326

0 1.5708
0.16 1.7308
3.44576 5.01656
5.95764 7.52844
6.56403 8.13483
7.33269 8.90348

0 1.5708
0.16 1.7308
3.44576 5.01656
5.95764 7.52844
6.56403 8.13483
10.3025 11.8733

0 1.5708
0.16 1.7308
3.44576 5.01656
5.95764 7.52844
9.53388 11.1047
8.73864 10.3094

0 1.5708
0.16 1.7308
3.44576 5.01656
5.95764 7.52844
9.53388 11.1047
11.7085 13.2793

0 1.5708
3.12985 4.70064
2.80987 4.38067
2.35604 3.92684
1.90356 3.47436
1.64224 3.21303

0 1.5708
3.12985 4.70064
2.80987 4.38067
2.35604 3.92684
1.90356 3.47436
4.61208 6.18288

0 1.5708
3.12985 4.70064
2.80987 4.38067
2.35604 3.92684
4.87341 6.44421
5.00167 6.57247

0 1.5708
3.12985 4.70064
2.80987 4.38067
2.35604 3.92684
4.87341 6.44421
7.97152 9.54231

0 1.5708
3.12985 4.70064
2.80987 4.38067
5.32589 6.89668
5.69436 7.26515
6.35963 7.93043

0 1.5708
3.12985 4.70064
2.80987 4.38067
5.32589 6.89668
5.69436 7.26515
9.32948 10.9003

0 1.5708
3.12985 4.70064
2.80987 4.38067
5.32589 6.89668
8.6642 10.235
8.08465 9.65545

0 1.5708
3.12985 4.70064
2.80987 4.38067
5.32589 6.89668
8.6642 10.235
11.0545 12.6253

0 1.5708
3.12985 4.70064
5.77972 7.35052
6.20016 7.77095
6.83795 8.40875
7.51797 9.08877

0 1.5708
3.12985 4.70064
5.77972 7.35052
6.20016 7.77095
6.83795 8.40875
10.4878 12.0586

0 1.5708
3.12985 4.70064
5.77972 7.35052
6.20016 7.77095
9.8078 11.3786
9.06577 10.6366

0 1.5708
3.12985 4.70064
5.77972 7.35052
6.20016 7.77095
9.8078 11.3786
12.0356 13.6064

0 1.5708
3.12985 4.70064
5.77972 7.35052
9.17001 10.7408
8.55067 10.1215
8.03732 9.60812

0 1.5708
3.12985 4.70064
5.77972 7.35052
9.17001 10.7408
8.55067 10.1215
11.0072 12.578

0 1.5708
3.12985 4.70064
5.77972 7.35052
9.17001 10.7408
11.5205 13.0913
11.9214 13.4922

0 1.5708
3.12985 4.70064
5.77972 7.35052
9.17001 10.7408
11.5205 13.0913
14.8913 16.4621

